55 95595-535151555.

2

· 220002 f 2222, 20222 20222 0222222222022 3

022 3555 22020822 2222222220 5551’555555553033555
2222 2551555 5555.- G33 ’,22222 2212222 35 53 555 5555 reg 555 2020222202, 0 5
5555 0 22 20222222 2222022222 222220 2022222220-
222 33 2222 022 002022 22222 ,00222 2220222202220222 55'5
202220 0202220 2222222 3555 22 222 00220. 55 222, 55 5555555g5'5
5555 022 220222222222022 ··
2220220222. 00222 0022 20222 555 202222 0 22 5 , 02220 5555
25352'55'5555. 555555555555· 2222022 22000 22200220 00200 2222022222·
- . 202222 5555 20 5555 22222 555 555 55 5535 2 0 55 Η2 02202,
·· 022 222222222222222 2220 5'5555 55, 02202222222202222
2222222020 22022222 2222222 ,2,002 22022 5555 555555555555555555,
&3 5555 00222, 2,0 2222020222 555 ’22222202 0022222222, eodem
0002220220 222222 02222222 22,22 22222 22 555 5L555s 555, Pu
5555 2,002222202222 55 2020022022 ’22 200 55.
carcaecuaya 82222 022 22222220 555 55 2002222022 2222202 555C555555
””“”””” ’0 0200002222 022220 5555 2 022 555555555 55 202 222222 22202 3555
2022222222,2 22 5555 22200 222000 555 0222 2202000 5555 555fl55,
55555555555551555555555 20022222,20222222202222222
longis ,22222202202222220202220222022220 55555555'
222
0222222222- D 22 222 5555 5555 5555 5555 555 22020 555 200 5
5pr ’θ’ ’ἀ 5555. 62222- 0222002 2202222 555 2022222 202222 5555 55555 555
interimwpurgamm 55‘555' 55555555 0 0 555 022 555 5555 ,-55555
2222,02222222020222020 200222222220222 5555 5g555 2002-
22202 5555 555 5555 0222 02000222022 2222220222, 55
020222· 22222020 0202200202 0222222022, 555 5555555555555
’ 0222202222220222222, 02222 555 0202002 5555 plurib 5555
r 555 020222, 5555. 0202022 02022000 55 555555 0202220,
1’020222222222222 555555555 ,02202222 5555, 0 22220202 5555
0022202222, 0220222002, 2222220022 02202202 5J55

3 ’ ” ” 0220222202.- 0202 022020222220222220 2022002222·

555.

 

